       sourse  shift_dec_81  shift_ra_81  shift_dec_84  shift_ra_84  shift_dec_121  shift_ra_121
0    0003-066      0.009808    -0.005350      0.003877     0.003128      -0.027430     -0.001436
1    0003+380      0.006971     0.005254      0.003914     0.007574       0.003226      0.028791
2    0003+380      0.043756    -0.009321      0.044347     0.028866      -0.021511      0.035609
3    0007+106     -0.020030     0.003897     -0.017767     0.004838      -0.022104      0.027632
4    0010+405      0.000653     0.000133      0.042566    -0.032365      -0.005506      0.005158
5    0010+405      0.068096    -0.064166      0.024930     0.029274       0.008232     -0.044105
6    0016+731     -0.002248     0.002785     -0.002290     0.003096      -0.000279      0.002238
7    0048-097      0.005248    -0.001903      0.003227    -0.001016      -0.002310      0.000623
8    0055+300      0.053679    -0.060140      0.040032    -0.048724      -0.014431      0.011767
9    0059+581     -0.004970    -0.005654     -0.003821    -0.003505      -0.001317      0.000444
10   0106+013     -0.109160    -0.185082     -0.125446    -0.181861      -0.024601     -0.067310
11   0109+224      0.002022     0.002986      0.002857     0.003043       0.001787      0.006106
12   0111+021     -0.033602     0.020731     -0.036205     0.085583      -0.032131      0.039656
13   0111+021     -0.044962     0.073816     -0.033597     0.056404       0.004747      0.005940
14   0119+115     -0.010364     0.001127     -0.027151    -0.000362      -0.011763     -0.002564
15   0133+476      0.005119    -0.004131      0.002426    -0.007843       0.004356     -0.004088
16   0149+218     -0.007684    -0.002783     -0.022485     0.001466       0.006250      0.000173
17   0202+149      0.002090    -0.047499      0.014757    -0.043391       0.028065      0.028808
18   0202+319     -0.002498     0.001463     -0.002947    -0.000333      -0.002428     -0.000825
19   0212+735      0.007997    -0.091823      0.014411    -0.103467       0.006350     -0.055148
20   0215+015     -0.001277    -0.000937      0.001131    -0.002705      -0.003113     -0.001564
21   0215+015      0.037636    -0.042204     -0.048037     0.044449      -0.009818      0.008275
22   0219+428     -0.002310     0.004390     -0.008834     0.000365      -0.003661      0.001193
23   0219+428     -0.010317    -0.000173     -0.010233     0.001396      -0.004278      0.002271
24   0224+671      0.054997    -0.000769      0.062257     0.004443      -0.004070     -0.002698
25   0234+285      0.014807    -0.012100      0.000184    -0.008431      -0.000499     -0.004597
26   0235+164     -0.000528     0.000544     -0.002499     0.000556      -0.006757     -0.000743
27   0238-084     -0.073858     0.011376     -0.098453    -0.085890      -0.058517      0.014887
28   0238-084      0.224818     0.565617      0.057694    -0.068433      -0.030118      0.032708
29   0241+622     -0.086096     0.174104     -0.056092     0.095988       0.022548     -0.057522
30   0300+470     -0.018488     0.016526     -0.013268     0.016269      -0.004490      0.001417
31   0305+039     -0.003152     0.007258     -0.005189    -0.004996       0.022305      0.031184
32   0309+411      0.000981    -0.000324      0.000459    -0.001304      -0.002822      0.002285
33   0316+413     -0.038951    -0.034482      0.051753    -0.037007       0.006125     -0.022103
34   0333+321     -0.007023     0.026978      0.002706     0.011106      -0.011253      0.002272
35   0336-019     -0.003531     0.019604      0.012535     0.022220      -0.014725      0.012301
36   0403-132     -0.001146     0.003915      0.014037     0.004382      -0.002576      0.000645
37   0414-189     -0.001096    -0.002793      0.001903    -0.002518      -0.002728     -0.000602
38   0415+379      0.009331    -0.070248      0.004605     0.018164       0.004287      0.010361
39   0420-014     -0.014023    -0.001660      0.035686     0.001074      -0.008635      0.001697
40   0422+004     -0.024437     0.009573     -0.038664     0.008423      -0.032760      0.007443
41   0429+415     -0.000129    -0.010614      0.022687    -0.008844       0.063184     -0.015751
42   0430+052     -0.076814    -0.112266     -0.051172    -0.080307      -0.021285     -0.028739
43   0430+289      0.005326     0.003299     -0.000479     0.002003       0.000327     -0.000785
44   0430+289     -0.001610     0.005930     -0.003036     0.004880      -0.008991     -0.022461
45   0440-003     -0.314760    -0.429775     -0.361652    -0.454670      -0.250598     -0.375353
46   0446+112     -0.003747     0.011129     -0.001327     0.007795       0.000303      0.000758
47   0454+844      0.021182    -0.005507      0.024223     0.003414       0.013210      0.001295
48   0458-020     -0.002847    -0.000358     -0.003107    -0.001604       0.000145     -0.000753
49   0528+134      0.004190     0.022974      0.002654     0.020379       0.000432      0.011826
50   0529+075     -0.008540     0.000183      0.053954     0.011323       0.008489     -0.021071
51   0529+483     -0.003527    -0.000353     -0.003869     0.000409      -0.002074     -0.000483
52   0552+398     -0.001003    -0.003671     -0.004346     0.005687       0.008781     -0.030201
53   0605-085     -0.001526     0.003422      0.000494     0.000496       0.003936     -0.000435
54   0607-157     -0.006340     0.011813     -0.001157     0.011357      -0.009149      0.009662
55   0642+449      0.000645     0.053742     -0.001377     0.050454      -0.001394      0.040329
56   0648-165     -0.022953    -0.032246     -0.018574    -0.026655       0.062505     -0.012448
57   0707+476     -0.000865    -0.001432      0.005428    -0.000901       0.000514      0.000350
58   0710+439      0.017438    -0.009222      0.040171     0.014346       0.032694      0.011928
59   0716+714      0.000246    -0.000530     -0.001772    -0.000172      -0.001168     -0.000876
60   0716+714      0.054141     0.031318      0.000273     0.031908       0.049518      0.008760
61   0723-008      0.023648    -0.005197      0.018083    -0.003142       0.013677     -0.032878
62   0727-115     -0.006236     0.006098     -0.007644     0.008068      -0.004972      0.006251
63   0730+504     -0.052660    -0.046724     -0.042797    -0.036371      -0.012712     -0.001532
64   0735+178      0.048304     0.034856      0.043192     0.114781       0.028320     -0.006786
65   0736+017      0.000318    -0.005335     -0.002341    -0.000880       0.002360     -0.001619
66   0738+313     -0.031557     0.007287      0.113384     0.000891       0.002123      0.002786
67   0742+103      0.285255    -0.057691      0.072278    -0.066200       0.173944     -0.074367
68   0748+126     -0.001387    -0.000612     -0.001675    -0.001015      -0.001551      0.000673
69   0754+100      0.261973     0.232257      0.250296     0.227896       0.056138      0.032895
70   0804+499      0.004063    -0.003823      0.003894    -0.006223       0.000139     -0.005902
71   0805-077      0.004657    -0.004983     -0.010348     0.009442       0.007115     -0.002382
72   0808+019     -0.000872    -0.000830      0.003990     0.000265       0.000744      0.001090
73   0814+425     -0.000384     0.009615     -0.004031     0.005238      -0.002085      0.003121
74   0823+033      0.014516     0.003977      0.012036     0.004027      -0.001134      0.002261
75   0827+243     -0.004308     0.009653     -0.004717     0.007702      -0.005007      0.004894
76   0829+046      0.008677     0.011498      0.010149     0.004322      -0.018164      0.031573
77   0834-201     -0.026132    -0.007441     -0.021004    -0.000330      -0.007328     -0.029414
78   0834-201     -0.057895     0.039444     -0.052204     0.026530      -0.030338      0.006080
79   0836+710      0.056568     0.068187      0.067967     0.085938      -0.000429      0.002497
80   0847-120     -0.005435    -0.001047      0.003393    -0.004476       0.000894      0.007598
81   0847-120     -0.029169    -0.004454      0.016421     0.059641       0.045619     -0.036214
82   0851+202      0.006337    -0.002201      0.005709     0.001011       0.006848      0.001860
83   0859-140     -0.111606     0.039097      0.034101    -0.040870      -0.051392      0.002825
84   0906+015      0.005089     0.006663      0.001507    -0.002608       0.009222      0.005230
85   0917+624     -0.003555     0.012276     -0.001778     0.011361      -0.002597      0.014036
86   0923+392     -0.032182     0.021561      0.059195     0.020524       0.026085      0.034019
87   0945+408     -0.528094     1.105125     -0.747303     1.326159      -0.071999      0.087504
88   0953+254     -0.077062    -0.056402     -0.022101     0.058261      -0.007841     -0.014901
89   0954+658      0.004953    -0.002226      0.010229    -0.003502      -0.003702      0.000416
90   0955+476     -0.004375    -0.000146     -0.004725     0.002564      -0.003512     -0.007477
91   1015+359      0.077071    -0.001392      0.079787    -0.001092      -0.015702      0.004763
92   1036+054      0.132386    -0.010359      0.035694    -0.008266       0.020322     -0.021177
93   1038+064     -0.015412     0.005959     -0.008582     0.001381      -0.008549      0.002097
94   1045-188      0.001626     0.001075     -0.000152    -0.000887      -0.001896      0.000158
95   1055+018     -0.006414     0.009846     -0.004183     0.018213      -0.001845      0.013686
96   1101+384     -0.007188     0.002381      0.006617     0.000152       0.001115      0.001578
97   1124-186     -0.008526     0.000475     -0.002216    -0.000194      -0.010214      0.000656
98   1127-145      0.007895    -0.036265      0.003060    -0.033765      -0.002387     -0.043926
99   1128-047     -0.094754    -0.117334     -0.093436    -0.093043      -0.066823     -0.018900
100  1128-047     -0.013136    -0.046944     -0.048089    -0.018542      -0.058261      0.002910
101  1148-001     -1.142049    -1.921404     -1.137066    -1.824915      -1.219889     -1.899541
102  1150+812      0.039373     0.014084      0.040256     0.014159       0.011992     -0.006680
103  1156+295      0.003398     0.004736      0.004426     0.001776      -0.000277      0.000195
104  1213-172     -0.009265     0.043719      0.019908     0.038814       0.034396      0.001068
105  1219+044     -0.010186    -0.000784      0.005502     0.000682      -0.005380     -0.000067
106  1219+285      0.004495    -0.004517      0.010593    -0.009123      -0.003792      0.010539
107  1219+285     -0.006578     0.006942     -0.000959    -0.000107      -0.001136      0.007339
108  1222+216     -0.016251    -0.000042     -0.024742     0.000370      -0.004674      0.000863
109  1226+023     -0.558986    -0.423944     -0.335305    -0.211796       0.006761      0.058875
110  1226+023     -0.175188    -0.062026     -0.049156     0.042085      -0.010521     -0.017308
111  1228+126      0.008057    -0.004848      0.004846     0.007176       0.002866     -0.007516
112  1243-072     -0.003897    -0.005822     -0.003255    -0.011747      -0.005895      0.000089
113  1253-055     -0.053618    -0.023658     -0.126762    -0.091310      -0.034056      0.007364
114  1253-055     -0.026025    -0.021223     -0.029768    -0.003958       0.002352      0.000470
115  1302-102      0.133870     0.137390     -0.257692    -0.190586      -0.077638      0.009759
116  1308+326      0.027636    -0.026976      0.035142    -0.037813       0.040625     -0.039535
117  1324+224      0.041459    -0.035384      0.029113    -0.025468      -0.023571     -0.005108
118  1331+170      0.025983     0.008405     -0.029515    -0.012357       0.010286      0.002647
119  1331+170     -0.033587     0.043169     -0.018976     0.020658      -0.046629      0.025713
120  1334-127     -0.011049     0.008478     -0.008484     0.008396       0.003059     -0.000557
121  1345+125     -0.010618     0.001525      0.006070     0.002992      -0.030008      0.013746
122  1404+286     -0.106464    -0.115878     -0.110173    -0.101318      -0.001651     -0.013612
123  1406-076     -0.002772    -0.030060      0.001434    -0.024291      -0.007077      0.003433
124  1413+135      0.006536    -0.000048      0.007684    -0.000553       0.007388     -0.003909
125  1417+385     -0.000991     0.001761     -0.001252     0.002552       0.002051      0.001220
126  1418+546      0.012599    -0.011351      0.015042    -0.010892      -0.012010      0.013764
127  1418+546     -0.040774     0.026949     -0.033936     0.029107      -0.003196      0.005079
128  1458+718     -0.371332     0.111854     -0.401850     0.118433      -0.097525      0.024998
129  1502+106     -0.000443     0.003849      0.000782     0.003532       0.006292      0.009461
130  1504-166     -0.145434    -0.006397     -0.030750     0.005480      -0.059663     -0.008486
131  1508-055      0.000566     0.001270      0.002100     0.000012       0.002102      0.008691
132  1509+054      0.007641    -0.100200     -0.000765    -0.032444       0.026276     -0.028522
133  1509+054     -0.065517    -0.149844     -0.003066    -0.140129       0.041025     -0.041332
134  1510-089      0.033769    -0.024982     -0.003784     0.015777       0.006460      0.000099
135  1514+004     -0.025794     0.013109     -0.015875     0.010948      -0.020971      0.012670
136  1514-241      0.031873    -0.000426      0.043233    -0.005203       0.002973      0.002998
137  1532+016      0.002346     0.000729      0.003812    -0.002144       0.001527      0.002402
138  1538+149      0.066953    -0.060075      0.064168    -0.054535       0.065338     -0.059516
139  1546+027      0.017976    -0.002247      0.018676    -0.002236       0.019186      0.000090
140  1548+056      0.007512    -0.003414     -0.000138    -0.003716      -0.081949      0.030226
141  1606+106      0.002451    -0.014655     -0.002583     0.000568      -0.003380     -0.005214
142  1607+268     -0.372392    -0.038338     -0.030063     0.015283      -0.032143     -0.007108
143  1611+343     -0.010297     0.000005      0.006425     0.001813      -0.000741      0.003527
144  1633+382      0.012167    -0.022900      0.011418    -0.016862       0.006505     -0.002103
145  1637+574     -0.076832    -0.057297     -0.062128    -0.047525      -0.050967     -0.019430
146  1637+826     -0.009798     0.024783     -0.006961     0.021360       0.007175     -0.012225
147  1638+398     -0.003775    -0.006182     -0.002961    -0.005342       0.000088     -0.000807
148  1641+399     -0.008692     0.093734     -0.009867     0.013418      -0.002230     -0.005672
149  1642+690     -0.027603     0.005097     -0.019920     0.001814      -0.003133      0.002088
150  1652+398     -0.007868     0.005862     -0.080324    -0.000038      -0.025624      0.014847
151  1655+077      0.015186    -0.012516      0.011152    -0.012149       0.000333     -0.003778
152  1725+044     -0.032345     0.106530     -0.036595     0.078968       0.019833      0.016325
153  1726+455     -0.023303    -0.052467     -0.015772    -0.053633       0.001031     -0.006215
154  1730-130      0.150538     0.013280      0.048974     0.004680       0.088787      0.008266
155  1739+522      0.002286    -0.018003     -0.002279    -0.018673      -0.002830     -0.018225
156  1741-038     -0.030333    -0.038975     -0.024920    -0.023022      -0.013881     -0.012966
157  1749+096      0.002241     0.000247     -0.000934     0.000060      -0.001555      0.000036
158  1749+701     -0.004153     0.027055      0.020680    -0.019569      -0.011764      0.081843
159  1751+288      0.005198    -0.007475      0.004761    -0.007860       0.004226     -0.006622
160  1758+388     -0.005865    -0.003079     -0.001868    -0.004586       0.001631     -0.001017
161  1800+440     -0.000606     0.000995      0.000958     0.001819       0.000071      0.001367
162  1803+784      0.002991    -0.004087     -0.000013    -0.003480      -0.000794      0.005956
163  1807+698     -0.036139    -0.028479     -0.000452    -0.081034      -0.006603     -0.027735
164  1823+568      0.027228     0.008155     -0.067150     0.005824      -0.009074     -0.002485
165  1828+487      0.004678     0.003444     -0.001504     0.003620      -0.000761      0.001049
166  1845+797      0.019901    -0.018269      0.005551    -0.004882       0.008475     -0.002502
167  1849+670      0.000246     0.000273     -0.000625     0.000725      -0.000118      0.000619
168  1901+319     -0.027021    -0.039217     -0.034575    -0.055838       0.003637     -0.009914
169  1908-201      0.002829     0.001317      0.003359     0.000227      -0.006535      0.003406
170  1928+738      0.267898    -0.083296      0.264364    -0.080321       0.100378     -0.004120
171  1936-155     -0.004606     0.010551     -0.006179     0.005232      -0.000687      0.006101
172  1957+405      0.083522    -0.356518      0.074786    -0.222742       0.050870     -0.108517
173  1958-179     -0.010656     0.000150     -0.005345     0.000088       0.000952     -0.000673
174  2005+403     -0.084026     0.209975     -0.035871     0.048621      -0.005457     -0.007167
175  2008-159      0.016166    -0.004211      0.011919    -0.002057       0.001064     -0.002218
176  2021+317     -0.008527    -0.008270     -0.004426    -0.016117      -0.002268     -0.005125
177  2021+614      0.025202    -0.045256      0.022395     0.027997       0.009942      0.003252
178  2022-077      0.025503    -0.002508      0.023087     0.000373       0.009875     -0.000746
179  2037+511      0.003622    -0.000278      0.004919     0.002389       0.000546     -0.000466
180  2113+293     -0.036445    -0.004638      0.017721     0.002082      -0.022685     -0.005584
181  2121+053     -0.063388     0.013375     -0.067197    -0.033457       0.039460     -0.047677
182  2126-158     -0.005878    -0.001863      0.021181     0.001217      -0.001786     -0.001153
183  2128-123      0.110458     0.099959      0.127718     0.117262       0.105713      0.097601
184  2131-021     -0.012002     0.119909      0.011469     0.020740      -0.002909      0.006030
185  2134+004      0.118204     0.517710      0.026842     0.142135       0.162352      0.668949
186  2136+141      0.045932    -0.044193      0.052841    -0.031033      -0.018776      0.004625
187  2141+175     -0.000413     0.020385     -0.000592     0.020546      -0.002257      0.003132
188  2145+067     -0.004170     0.018367     -0.014288     0.018491       0.006711     -0.000970
189  2155-152      0.099009     0.097451      0.179825     0.141168       0.166529      0.076372
190  2200+420      0.003989     0.000594      0.008683    -0.000946      -0.014498     -0.002768
191  2200+420     -0.001911    -0.001345      0.011084     0.000550      -0.002809      0.001492
192  2201+171      0.000855     0.007473     -0.004547     0.004940      -0.002392     -0.000242
193  2201+315     -0.103260    -0.083516     -0.097625    -0.081203      -0.018087     -0.002879
194  2209+236     -0.024951     0.003272      0.042140    -0.000321       0.009596     -0.002382
195  2216-038     -0.011090    -0.020904      0.016886    -0.018877      -0.010129     -0.020668
196  2223-052     -0.007221     0.011584      0.001986     0.011352      -0.007743      0.003444
197  2227-088     -0.003510     0.000657     -0.005501     0.000559      -0.002522     -0.004367
198  2230+114     -0.004455     0.032457      0.001208     0.018927      -0.002876      0.004487
199  2243-123      0.529555     0.016343     -0.230957    -0.024065       0.078250      0.010771
200  2251+158     -0.036560    -0.165959     -0.034196    -0.103633      -0.012868      0.008018
201  2251+158     -0.000462    -0.193610     -0.010687    -0.127096       0.009532     -0.155049
202  2254+074     -0.023213    -0.022541     -0.017517    -0.011850      -0.018937      0.002078
203  2320-035      0.012401    -0.004789      0.003477    -0.001191       0.008288     -0.005736
204  2331+073     -0.030218     0.038706     -0.021435     0.052175      -0.000149     -0.002224
205  2345-167      0.010254     0.005200      0.001455     0.000271       0.001464      0.002297
206  2351+456     -0.006777     0.022248     -0.006527     0.047419      -0.010734      0.035181
207  2356+196     -0.074698    -0.047175     -0.007463    -0.022928       0.004600     -0.016658
208  2356+196     -0.084290    -0.027178     -0.034844    -0.017354      -0.047583     -0.009499