       sourse shift_dec_81 shift_ra_81 shift_dec_84 shift_ra_84 shift_dec_121 shift_ra_121
0    0003-066     0.029975   -0.018069    -0.016809    0.008857     -0.001299     0.014944
1    0003+380    -0.073294    0.112178     0.134663   -0.034451     -0.067825     0.103807
2    0003+380     -0.04421    0.044882    -0.080403    0.069075     -0.030036      0.03484
3    0007+106     0.006642    0.004459     0.002877    0.010617     -0.000481    -0.007986
4    0010+405    -0.010832    0.007188      0.00797    0.000693             -            -
5    0010+405    -0.004981    0.000433     0.001076    0.004883     -0.000221    -0.009998
6    0055+300    -0.155466     0.08872      0.04753   -0.068043      0.052857      0.00389
7    0106+013    -0.000693    0.004952    -0.002424    0.004373      0.001941    -0.000482
8    0109+224    -0.056763    0.135598      0.05086    0.052366     -0.075341    -0.093401
9    0111+021    -0.102402     0.09101    -0.157109    0.074785      0.002004     0.086977
10   0119+115     0.148301   -0.313713     0.042336   -0.296998     -0.147975     0.164148
11   0133+476    -0.068621    0.111589    -0.016911    0.065864     -0.016207    -0.019035
12   0149+218    -0.119475   -0.118109    -0.097086    0.200757      0.051215     0.093947
13   0202+149    -0.087593     0.08492    -0.008072   -0.109703      0.148453     0.069697
14   0202+319    -0.006192    0.011431      0.00258    0.001531             -            -
15   0212+735     0.037307   -0.144254     0.137704    0.009028     -0.037929     0.038437
16   0215+015     0.019312    0.085855     0.032387    0.143388     -0.000599      0.00294
17   0215+015     0.123318    -0.20706      0.13948    0.091839      0.041774    -0.041665
18   0219+428     0.079564   -0.008336     0.054984    0.052467      -0.01416     0.027577
19   0219+428     0.053897     0.16439     0.076604   -0.102546     -0.014873     0.178381
20   0224+671     -0.09849   -0.090861     0.024804   -0.140832      0.106305      0.06576
21   0234+285    -0.235015   -0.142804     0.132008    0.173488     -0.113368    -0.128019
22   0235+164    -0.001403   -0.003746     0.002015   -0.006704             -            -
23   0241+622    -0.343874   -0.396706    -0.445609   -0.055082             -            -
24   0300+470     0.297999   -0.000799     0.274206    0.148847      0.030859     -0.08879
25   0305+039     0.280826    0.113779    -0.038958   -0.268185      0.094479    -0.084869
26   0309+411    -0.004879    0.001093     0.002989   -0.004008     -0.006336     0.002975
27   0333+321    -0.273091   -0.057115      -0.2613    0.079066       0.05646     0.066192
28   0336-019     -0.08077   -0.084648    -0.095039    0.013549      0.035153    -0.126195
29   0403-132    -0.005818    0.345951    -0.003766    0.223968             -            -
30   0415+379     0.114399   -0.293493    -0.021587    0.189776     -0.121995    -0.001078
31   0420-014    -0.202066   -0.174523     0.235108     0.06527      0.093132    -0.033576
32   0430+052     0.022039   -0.071689     0.066834    0.023963     -0.029444    -0.114267
33   0430+289    -0.048613   -0.021113     0.001039   -0.046989      0.023373    -0.049786
34   0440-003     0.000742   -0.007965    -0.001983     0.00775      0.002045     0.006695
35   0446+112     0.000968    -0.00025      0.00946   -0.003241             -            -
36   0454+844     0.343138    0.024334     -0.26594     0.00565      0.059104     0.112409
37   0458-020    -0.004985     0.00334    -0.002736   -0.002918           0.0          0.0
38   0528+134     0.085202     0.14363    -0.032864    0.129908     -0.092201    -0.022891
39   0529+075     0.005393    0.009587    -0.000462    0.000887     -0.002244    -0.001991
40   0552+398    -0.006991    0.000353     -0.00726    0.003361             -            -
41   0605-085    -0.066672    0.063394     -0.05801   -0.085111     -0.092677    -0.049356
42   0607-157     0.217875    -0.10065     0.265642   -0.035474      0.058033     0.029278
43   0642+449    -0.006861   -0.008598     0.000818   -0.001825      0.003383     0.004955
44   0648-165    -0.060191      0.2168    -0.170021    0.116314      0.054145    -0.030204
45   0707+476     -0.10434    0.111902    -0.165466   -0.112344      0.046632    -0.056165
46   0716+714    -0.023135    0.124875     0.022613    0.148286      0.155208     0.122941
47   0723-008     0.000326    0.000945     0.001144   -0.008927      0.001937     0.000499
48   0727-115    -0.224147   -0.085779    -0.243778    0.032988      0.156825     0.120872
49   0730+504     0.109668   -0.237943     0.150433   -0.198421     -0.050273    -0.008581
50   0735+178    -0.004991   -0.038679    -0.065626   -0.143726     -0.156724    -0.009302
51   0736+017    -0.073757   -0.028301     -0.00196    0.005671      0.001407    -0.001421
52   0738+313    -0.052681    0.175253    -0.082163    -0.04357       -0.0544     0.083909
53   0748+126     0.078976   -0.058024    -0.042417   -0.085005      -0.02523    -0.032318
54   0754+100     0.123793    0.235438     0.136824    0.260221      0.065088     0.033055
55   0804+499    -0.091922    0.019654     0.044392    0.027081     -0.007326     -0.03115
56   0805-077    -0.044709    0.202114    -0.259043     0.02229     -0.157731    -0.036947
57   0808+019            -           -     0.002212    0.009752             -            -
58   0814+425    -0.028176    0.142236     0.046766   -0.114843      0.077486    -0.045781
59   0823+033     0.128159   -0.058791     0.141792   -0.018551      0.048488    -0.067364
60   0827+243    -0.133501   -0.068391     0.087103    0.092423      -0.14775     -0.04685
61   0829+046    -0.012319    0.108302     0.041056   -0.147389      0.024023    -0.006922
62   0834-201     0.078439   -0.124324    -0.036867   -0.117345      0.063891    -0.003735
63   0836+710     0.159638   -0.095456     0.124376   -0.099053      -0.16266     0.010519
64   0847-120      0.00276   -0.006433     0.002996   -0.000154      0.004345    -0.002474
65   0851+202      0.02607   -0.010215     0.007087    0.019768     -0.017881     0.002066
66   0859-140    -0.211116    0.161821    -0.158962    0.051188      0.135191    -0.057727
67   0906+015     0.113258   -0.124084      0.18496    0.151363     -0.196742     0.041154
68   0917+624     0.004756   -0.111899    -0.109071    0.020606      -0.01256    -0.088109
69   0923+392     0.037481   -0.018952     0.031996    0.000481     -0.161677     0.045658
70   0945+408     0.080779    0.019071     0.122429    0.077693      0.026985    -0.000908
71   0953+254     0.015161   -0.011452     0.007839   -0.021623      0.011998    -0.073021
72   0954+658    -0.002687    0.004217    -0.002417    0.003188     -0.001029     0.011956
73   0955+476            -           -      0.03335    0.022086             -            -
74   1015+359     0.098292    0.114629     0.042267   -0.043983     -0.002538     0.060947
75   1036+054    -0.084896     0.17555    -0.169665   -0.010675      0.002852     0.042905
76   1038+064     0.056877    0.089449    -0.091584    0.164184      -0.03713      0.06401
77   1045-188      0.15432     0.02283     0.103666   -0.145926      0.107879    -0.189436
78   1055+018            -           -    -0.044076   -0.059442             -            -
79   1101+384     0.075126    0.217385    -0.048567   -0.275756      0.137476    -0.052052
80   1127-145    -0.077916   -0.056082    -0.054579    0.061197     -0.044102    -0.027551
81   1128-047     0.047033   -0.122266     0.249792   -0.178473      0.022527     0.207782
82   1128-047     0.116151     0.22138     0.089916    0.234342             -            -
83   1148-001    -0.121054    0.041593     0.097444    0.022464     -0.023855     0.114542
84   1150+812     0.059163   -0.063787     0.049238      0.0592     -0.046406    -0.133144
85   1156+295    -0.160978   -0.018169     0.070476    0.129005      -0.08535    -0.021432
86   1213-172     0.050796   -0.023575     0.130197    0.021742      0.020581    -0.172779
87   1219+044    -0.113108    0.069968    -0.012019    0.205649     -0.019788     0.050244
88   1219+285    -0.102235   -0.150572     0.005949   -0.067739     -0.071097    -0.032081
89   1219+285    -0.186418   -0.069638     0.229971    0.003659       0.03684    -0.049868
90   1222+216    -0.082356   -0.160054     -0.13083    0.090358     -0.044287    -0.059285
91   1226+023    -0.019448    0.004664    -0.010921   -0.019098      0.093527    -0.071949
92   1243-072    -0.011528    0.003332     0.015274   -0.009523     -0.012784    -0.007846
93   1253-055     0.044026    0.019122     0.038486   -0.065535        0.0871     0.044917
94   1253-055    -0.025817   -0.003077     0.058402    0.008379     -0.020161     0.116265
95   1302-102     0.177639   -0.129786     0.303578   -0.104315      0.055586     0.031721
96   1308+326    -0.026919   -0.140444     0.026482    0.052723      0.012488    -0.031623
97   1324+224    -0.000232    0.000973    -0.003405    -0.00494     -0.001878    -0.006743
98   1331+170    -0.113502    0.090234     0.152987   -0.002031     -0.004841    -0.113897
99   1334-127    -0.015928    0.236464    -0.168959   -0.261101     -0.089733     0.140844
100  1345+125    -0.075494    0.100879     -0.00683     -0.1168     -0.020659    -0.164709
101  1406-076    -0.091169    -0.01234    -0.104276    0.059385     -0.097003     0.028133
102  1413+135     0.088436    0.212318     0.086898    0.208626      0.237311       0.0181
103  1418+546      0.05523    -0.03793     0.098454    0.030262     -0.123019    -0.070925
104  1418+546    -0.070182    0.029163    -0.081357    0.024618      0.046971    -0.001664
105  1458+718    -0.033382   -0.073802    -0.000908    0.053992      0.007869     0.029985
106  1502+106    -0.050309   -0.013153    -0.050981    0.029697     -0.059719     0.110949
107  1504-166    -0.147999    0.000655    -0.071255   -0.038518     -0.002331    -0.018856
108  1508-055     0.056172   -0.202348    -0.117853    0.091169       0.00625     0.003153
109  1510-089     0.080963   -0.091263     0.140099    0.119282      0.039817    -0.024972
110  1514+004    -0.136302   -0.027254     0.149696    0.096307      0.188947     0.019973
111  1514-241    -0.172237    0.075355     0.185451     0.11268     -0.037725    -0.129622
112  1532+016     0.085461   -0.115898     -0.03952    0.095117     -0.159833    -0.078341
113  1538+149     0.029594    0.012174    -0.114478   -0.054988     -0.067683    -0.094207
114  1546+027     0.009497   -0.003132          0.0        -0.0     -0.005198     0.002997
115  1606+106     0.056911    0.003177    -0.019871    0.089828       0.03017     0.010667
116  1611+343     0.008992   -0.056286     0.012024   -0.061842      0.049166    -0.080117
117  1633+382    -0.109566    0.046436    -0.042398   -0.152205     -0.156202      0.01581
118  1637+574     0.013537   -0.116214     0.085736   -0.023881     -0.007245    -0.010794
119  1637+826    -0.141434    -0.15523      0.07908    0.125102       0.12707    -0.088759
120  1638+398    -0.000939    0.006937     0.010692    0.002584             -            -
121  1641+399     0.166892    0.129105     0.040048    0.185731      0.050355    -0.110024
122  1642+690     0.044983   -0.033354     0.046647   -0.011318             -            -
123  1652+398    -0.249593    0.145686     -0.23232    0.135604      0.082267     0.182297
124  1655+077     0.079542    0.008551    -0.001524    0.041972       0.04386     0.013866
125  1725+044    -0.097139   -0.023751       0.0299   -0.048529      0.046815     0.040649
126  1726+455     0.000557    0.008983     0.002632   -0.010681             -            -
127  1730-130     -0.13903   -0.104627    -0.202541    0.075053      -0.08232    -0.075944
128  1741-038     0.000476   -0.000879     -0.01272   -0.005849      0.001992     0.000184
129  1749+096     0.054558   -0.027284    -0.041192    0.097669     -0.093158    -0.080315
130  1749+701    -0.010231    0.195733     0.172343   -0.143086     -0.086493    -0.162404
131  1751+288     0.003819   -0.005867     -0.00698   -0.007161             -            -
132  1758+388     0.077535   -0.015146            -           -      0.063332     0.047224
133  1803+784     0.020388   -0.020623     0.036697    0.056056      -0.07562     0.007586
134  1807+698     0.226779    0.102822     0.116774    0.144775     -0.005147     -0.01829
135  1823+568    -0.029019    -0.04315     0.013857   -0.139313      0.000127    -0.012999
136  1828+487     0.005588    0.116866     0.060165     0.04478     -0.037214     0.047065
137  1845+797     0.083374    0.010233     0.056207    0.095717      -0.10579    -0.091698
138  1849+670    -0.023998    -0.00034     0.006516   -0.007585     -0.005108    -0.013035
139  1901+319     0.161036    0.232715    -0.203938   -0.087711      0.018363    -0.012115
140  1908-201    -0.244877   -0.023475     0.197576   -0.094472     -0.176155     0.068486
141  1928+738    -0.031499   -0.143585    -0.002601   -0.162979      0.004673     0.011053
142  1936-155     -0.07328   -0.202126     0.257838   -0.009137     -0.095087     0.100013
143  1958-179     0.002556    0.001571            -           -             -            -
144  2005+403     0.208139    0.187292      0.33225    0.050059      -0.10341     0.064733
145  2008-159    -0.007935   -0.001017     0.011849    0.005347             -            -
146  2021+317    -0.050835    -0.38062     0.051975    0.211714      0.084738    -0.084968
147  2022-077    -0.001275    0.005863    -0.006943    -0.00089      0.002866     0.007469
148  2037+511    -0.016367    0.017553    -0.036647   -0.035468      0.038991    -0.034405
149  2113+293     0.013284   -0.267671    -0.219558   -0.049186     -0.082411     0.078768
150  2121+053    -0.023177   -0.150223     -0.14769    0.019718     -0.063403      -0.0799
151  2128-123     -0.13815   -0.175053     0.132368   -0.224944      0.054781    -0.004908
152  2131-021     0.062008    0.063844    -0.062654    0.089193     -0.030837     0.054937
153  2134+004     0.014794   -0.187417    -0.155356   -0.028784             -            -
154  2136+141     0.007977    0.000601      0.01083    0.001927             -            -
155  2145+067    -0.007979    -0.00058    -0.002257   -0.006626             -            -
156  2155-152    -0.401292   -0.054678     0.122458    0.269481      0.147861     0.244812
157  2200+420    -0.029306   -0.012852    -0.001833   -0.073977      -0.14549     0.066579
158  2200+420    -0.030709    -0.00424    -0.128793    0.040466      0.058577     0.109292
159  2201+171     0.341805    0.166041      0.23568    0.269479      0.025012      0.13368
160  2201+315    -0.346173   -0.023941    -0.342183   -0.023665      0.099322     0.047278
161  2209+236    -0.005961    -0.03753     0.014374    0.083776             -            -
162  2216-038     0.004391   -0.010086     0.003328    0.003732     -0.009999    -0.000168
163  2223-052    -0.195341    0.037984    -0.005752   -0.124868      -0.08796     -0.04321
164  2227-088      0.17882    -0.05118     0.018381   -0.199154     -0.071753     0.196297
165  2230+114     0.199591   -0.193513    -0.362454   -0.019897      0.105383    -0.034864
166  2243-123     0.152809    0.050699     0.131638   -0.102764      0.139971     0.002849
167  2251+158      0.04778    0.114425    -0.036312    0.109117     -0.049157     0.019815
168  2251+158     0.120131     0.12999     0.026669     0.14761      0.097686    -0.058766
169  2320-035    -0.008761    -0.00206     0.031574   -0.024558     -0.008321    -0.043206
170  2345-167     0.116135   -0.120007      0.12088    0.085393     -0.155347     0.058508
171  2351+456     0.120611   -0.154496     0.121225   -0.081366       0.00989    -0.060193
172  2356+196     0.125345    -0.15968    -0.137076   -0.124238      0.002649    -0.165979
173  2356+196     0.153386    0.055151    -0.057215    0.103201     -0.121845    -0.058128