       sourse  core_shift_dec_81  core_shift_ra_81  core_shift_dec_84  core_shift_ra_84  core_shift_dec_121  core_shift_ra_121  img_shift_dec_81  img_shift_ra_81  img_shift_dec_84  img_shift_ra_84  img_shift_dec_121  img_shift_ra_121  core_loc_dec_81  core_loc_ra_81  core_loc_dec_84  core_loc_ra_84  core_loc_dec_121  core_loc_ra_121  core_loc_dec_154  core_loc_ra_154
0    0003-066          -0.063327          0.017750          -0.082447         -0.044223            0.035025           0.027531         -0.074873        -0.022485         -0.080985        -0.048210          -0.083613          0.003812        -0.014232        0.024180        -0.027241       -0.012068          0.092859         0.007665         -0.025779        -0.016055
1    0003+380          -0.050421         -0.031871          -0.071140         -0.055719            0.014380           0.010447         -0.058894        -0.029997         -0.075193        -0.060660           0.009163         -0.014860         0.005430       -0.000945         0.001010        0.005870          0.002174         0.026236         -0.003043         0.000929
2    0003+380          -0.049869          0.015893          -0.039506          0.062208            0.086452          -0.036676         -0.087246         0.024897         -0.079333         0.032302           0.104677         -0.067661         0.047387        0.018558         0.049837        0.057468         -0.008215         0.058546          0.010010         0.027562
3    0007+106          -0.057721          0.012695           0.019590         -0.025009            0.031709           0.012891         -0.026069        -0.025002          0.037363        -0.029836           0.055596         -0.016697        -0.004495       -0.015231         0.009384       -0.048101          0.003270        -0.023339          0.027157        -0.052928
4    0010+405           0.009598         -0.018945           0.053635          0.032067           -0.146704           0.030189          0.046646        -0.043486          0.040064         0.048122          -0.141078          0.025032        -0.030800        0.020304         0.019819       -0.020291          0.000622         0.000921          0.006248        -0.004236
5    0010+405          -0.092398          0.008550          -0.008827          0.107423            0.117339           0.005158         -0.112008         0.043921         -0.034102         0.178083           0.127012          0.039219         0.089003       -0.088074         0.094668       -0.123363          0.059720        -0.086764          0.069393        -0.052704
6    0016+731          -1.438765          2.597583           0.040920         -0.223995            0.052774           0.034717         -1.437511         2.595124          0.042453        -0.227125           0.053005          0.032563        -0.004546        0.005790        -0.004826        0.006461         -0.003524         0.005484         -0.003292         0.003331
7    0048-097           1.971493         -0.786652           0.317472          0.127408           -2.703400           0.900783          1.971803        -0.786215          0.314033         0.128408          -2.700000          0.900000         0.003015       -0.001113         0.006765       -0.001677         -0.000075         0.000107          0.003325        -0.000677
8    0055+300          -0.038804          0.092551          -0.010738          0.054291            0.008129           0.042672          0.092747        -0.048410          0.060611        -0.012828           0.049473         -0.005023        -0.101189        0.100970        -0.040987        0.027128         -0.010982         0.007704          0.030362        -0.039991
9    0059+581          -0.277503         -0.331018          -0.149200         -0.064216            0.001954          -0.029150         -0.279048        -0.333713         -0.149360        -0.064990           0.002073         -0.030671        -0.001976        0.003302        -0.003361        0.001382         -0.003640         0.002129         -0.003521         0.000608
10   0106+013          -0.145403          0.018733          -0.209693         -0.164779           -0.001127           0.063321         -0.175289        -0.059793         -0.109613        -0.039793          -0.035062          0.045732         0.035363        0.076748        -0.094604       -0.126764          0.039411         0.015811          0.005476        -0.001778
11   0109+224          -0.203340         -0.148331          -0.806656         -2.996872            0.155046          -0.013789         -0.205267        -0.151362         -0.809476        -2.999965           0.153311         -0.019683         0.001297        0.006369         0.002190        0.006431          0.001105         0.009231         -0.000630         0.003337
12   0111+021          -0.034772         -0.069033           0.026553         -0.056996           -0.119650          -0.005144          0.010708        -0.149344          0.062887        -0.143617          -0.104983         -0.018392        -0.049521        0.103729        -0.040376        0.110041         -0.018709         0.036667         -0.004041         0.023419
13   0111+021           0.069330         -0.088468          -0.063939          0.006093            0.046815          -0.081202          0.031603        -0.028582         -0.030261        -0.050400           0.028344         -0.050793         0.017826       -0.022116        -0.053579        0.094263         -0.001430         0.007361         -0.019901         0.037770
14   0119+115          -0.023843         -0.010304           0.006050         -0.008852           -0.072073          -0.079104          0.058185        -0.003093          0.045938        -0.007398          -0.028439         -0.073234        -0.062905       -0.007785        -0.020765       -0.002028         -0.024511        -0.006443          0.019123        -0.000574
15   0133+476          -0.005403          0.001388           0.002141         -0.012130           -0.010790           0.004933          0.003950        -0.016860          0.005186        -0.010090          -0.011147          0.001782        -0.010731        0.016652        -0.004424       -0.003637         -0.001022         0.001554         -0.001379        -0.001597
16   0149+218           0.141608         -0.049190           0.100173          0.035299           -0.041752          -0.117275          0.154039        -0.046763          0.123318         0.033796          -0.046805         -0.117349         0.005486       -0.002768        -0.005228        0.001161          0.022970        -0.000267          0.017917        -0.000341
17   0202+149           0.075036         -0.006467           0.137854         -0.064125            0.019668          -0.002836          0.262402        -0.126781          0.220578        -0.118163           0.129561         -0.060321        -0.100513        0.063561         0.004129       -0.002715         -0.023040         0.000732          0.086853        -0.056753
18   0202+319          -0.043208         -0.167182           0.040074          0.023687            0.036637          -0.074239         -0.034814        -0.169213          0.044847         0.023803           0.041389         -0.073792        -0.002955        0.001259         0.000666       -0.000888          0.000687        -0.001220          0.005439        -0.000772
19   0212+735           0.035900         -0.072295           0.069747         -0.163147            0.001387          -0.024142          0.035092        -0.126846          0.064153        -0.211596          -0.003432         -0.068161        -0.008114        0.038752        -0.003328        0.032651         -0.004103         0.028220         -0.008922        -0.015799
20   0215+015           0.157716         -0.040149           0.174189         -0.081557            0.285635          -0.040822          0.156401        -0.035685          0.172987        -0.078771           0.287185         -0.039133         0.001063       -0.001964         0.000951       -0.000286         -0.001803         0.000811         -0.000252         0.002499
21   0215+015           1.094177          0.723399           0.079498          0.200010            0.409739          -0.117672          1.156261         0.668587          0.127533         0.155563           0.419458         -0.125615        -0.085674        0.080504        -0.071626        0.070139         -0.033309         0.033634         -0.023590         0.025691
22   0219+428           0.066260         -0.002143           0.054845         -0.009270            0.020399          -0.012996          0.030822        -0.008218          0.055033        -0.009480           0.021526         -0.014097         0.026677        0.002859        -0.008949       -0.003005         -0.009887        -0.002116         -0.008761        -0.003216
23   0219+428           0.010200         -0.001445          -0.013470         -0.019005           -0.006290          -0.022513         -0.023030        -0.006067         -0.003606        -0.020007          -0.011666         -0.024976         0.030710        0.002879        -0.012384       -0.000741          0.002856         0.000720         -0.002520        -0.001743
24   0224+671           0.012836          0.057581           0.037675          0.064091           -0.037360           0.021203         -0.000040         0.061823         -0.022115         0.058978          -0.025221          0.023814         0.020768       -0.004345         0.067683        0.005009         -0.004246        -0.002715          0.007893        -0.000104
25   0234+285           0.005651         -0.034136           0.098083         -0.024144            0.012921           0.013041          0.016959        -0.035899          0.097297        -0.015518           0.030915          0.015267         0.009295        0.006170         0.021389       -0.004219          0.002609         0.002181          0.020603         0.004407
26   0235+164           0.164558          0.022434           0.157112         -0.001842           -0.070124          -0.009852          0.185099         0.009318          0.160564        -0.002287          -0.049802         -0.012664        -0.002133        0.009547         0.014956       -0.003124         -0.001914        -0.000757          0.018408        -0.003569
27   0238-084           0.057431          0.113689           0.091546          0.255480            0.055820           0.117314          0.173937         0.289960          0.173318         0.284655           0.014217         -0.114457        -0.033650       -0.027123         0.001083        0.119973          0.124458         0.380918          0.082856         0.149148
28   0238-084           0.088220          0.090822           0.207080          0.404599            0.046954           0.074413          0.067054         0.126426          0.091747         0.152850           0.063533          0.082942        -0.048564       -0.028666         0.045604        0.258688         -0.086308        -0.001589         -0.069729         0.006939
29   0241+622          -0.096029          0.055137          -0.030738          0.021536           -0.007858          -0.012104          0.218907        -0.432877          0.082378        -0.112046           0.041661         -0.022024        -0.319614        0.488161        -0.117794        0.133729         -0.054196         0.010066         -0.004678         0.000147
30   0300+470          -0.042364         -0.055706           0.071859          0.027937            0.055768           0.031111         -0.053200        -0.059916          0.074368         0.013940           0.054644          0.032004         0.006525        0.007522        -0.006819        0.017310         -0.003186         0.002420         -0.004310         0.003313
31   0305+039          -0.011857         -0.066574          -0.009239         -0.039307            0.012969           0.002578         -0.000080        -0.048312         -0.004984        -0.036537          -0.000859         -0.013391        -0.004401       -0.010485         0.003121        0.005007          0.021204         0.023746          0.007376         0.007777
32   0309+411          -0.028393          0.100343           0.102801         -0.023352           -0.230391           0.094730         -0.007235         0.069723          0.103373        -0.022883          -0.226431          0.091919        -0.019779        0.025382         0.000807       -0.005708         -0.002582        -0.002427          0.001379        -0.005239
33   0316+413          -0.297542         -0.402411          -0.130593         -0.325718           -0.004761           0.053254         -0.184513        -0.328240         -0.115293        -0.282354           0.019604          0.035559        -0.093272       -0.063321         0.004457       -0.032513         -0.004608         0.028545          0.019757         0.010850
34   0333+321           0.016600         -0.021415          -0.039716          0.070459            0.027692          -0.039164          0.001596        -0.017600         -0.044976         0.062205           0.031639         -0.034560         0.016534       -0.013168         0.006788       -0.001098         -0.002418        -0.013956          0.001529        -0.009352
35   0336-019          -0.018950          0.052417          -0.004747          0.069725            0.006611           0.026468         -0.015233         0.050747         -0.015969         0.048511           0.008640          0.031789        -0.002571        0.004190         0.012367        0.023734         -0.000883        -0.002801          0.001146         0.002520
36   0403-132           0.022671         -0.033430           0.043807         -0.035156            0.011205           0.010563          0.014321        -0.036538          0.033502        -0.039519           0.006496          0.009218         0.009437        0.003164         0.011392        0.004418          0.005796         0.001400          0.001087         0.000056
37   0414-189           1.336375          2.034081          -1.798097          2.197482           -0.653442           0.292478          1.336947         2.035758         -1.800000         2.200000          -0.650504          0.292935        -0.001298       -0.002325         0.001177       -0.003168         -0.003663        -0.001105         -0.000725        -0.000649
38   0415+379          -0.097107         -0.202467          -0.074066         -0.156648           -0.039309          -0.056117         -0.105210        -0.230976         -0.077219        -0.173588          -0.041477         -0.062587        -0.002803        0.006520        -0.007753       -0.005049         -0.008739        -0.015519         -0.010906        -0.021989
39   0420-014          -0.065571         -0.023213          -0.253747         -0.093580           -0.036437           0.028775         -0.107380        -0.029617         -0.289502        -0.094529          -0.059626          0.023092         0.037110        0.005298         0.031055       -0.000158          0.018489         0.004576         -0.004700        -0.001107
40   0422+004          -0.384480          0.002426          -0.166812         -0.072816           -0.048284           0.143381         -0.349832        -0.006866         -0.139649        -0.081563           0.011132          0.135422         0.005619        0.001436         0.013105        0.000891         -0.019148         0.000102          0.040268        -0.007856
41   0429+415           0.072036         -0.009559          -0.033580          0.014958           -0.043189          -0.057537          0.049993         0.080045          0.006978         0.056575          -0.119673         -0.059488        -0.024635       -0.064550        -0.087236       -0.016564          0.029807         0.027005         -0.046678         0.025054
42   0430+052          -0.101435         -0.162811          -0.165119         -0.290391           -0.047638          -0.063104         -0.127627        -0.232861         -0.114691        -0.213696          -0.041387         -0.089356         0.040336        0.071224        -0.036284       -0.075520          0.007893         0.027426          0.014144         0.001175
43   0430+289          -0.200519         -0.311687          -0.050589          0.001962            0.149249           0.032033         -0.186293        -0.291248         -0.049271         0.000958           0.156987          0.038178        -0.009900       -0.015728         0.003008        0.005715         -0.003413        -0.001435          0.004325         0.004710
44   0430+289           0.316019          0.099378          -2.003939         -1.403602            1.404352          -2.081867          0.236383         0.005698         -2.101012        -1.508031           1.415496         -2.158082         0.106624        0.128981         0.124060        0.139730          0.015844         0.111516          0.026988         0.035301
45   0440-003          -1.332708         -1.792134          -1.115246         -1.483896           -0.005611           0.009463         -1.278019        -1.672815         -0.826325        -1.103823          -0.096330         -0.043617        -0.067288       -0.123348        -0.301521       -0.384101          0.078120         0.049051         -0.012599        -0.004029
46   0446+112          -0.130535         -0.019731          -0.090718         -0.003787            0.018641          -0.022009         -0.146380         0.008803         -0.088811        -0.011679           0.015048         -0.016868         0.010499       -0.024737        -0.007253        0.011689         -0.001753        -0.001344         -0.005346         0.003797
47   0454+844          -0.005195          0.048607           0.042963         -0.050926            0.163483           0.134518         -0.030627         0.055113          0.018025        -0.054293           0.146277          0.135022        -0.001035        0.004350        -0.001529        0.014223         -0.009261         0.010352         -0.026467         0.010856
48   0458-020           0.092023          0.128683          -0.006222          0.111625            0.233296           0.168319          0.097139         0.125661         -0.003050         0.113234           0.233155          0.169089        -0.003391        0.002475        -0.001446       -0.002155          0.001867        -0.001317          0.001726        -0.000547
49   0528+134           0.035413         -0.029498           0.017240         -0.048214            0.054274          -0.014375          0.025892        -0.075456          0.015650        -0.068507           0.059333         -0.028731         0.009309        0.020429         0.001378       -0.005236         -0.005271        -0.011172         -0.000212        -0.025529
50   0529+075           0.187713          0.423195           0.246637          0.176338            0.145905           0.116365          0.364116        -0.121882          0.165437         0.141452           0.160761          0.082565        -0.173914        0.541840         0.083689        0.031649         -0.012367         0.030563          0.002489        -0.003237
51   0529+483          -0.062987         -0.001346          -0.038731          0.009260           -0.061391          -0.010552         -0.055375         0.001448         -0.033304         0.010287          -0.058727         -0.009887        -0.001762       -0.000414         0.000423        0.001354          0.003187         0.001715          0.005851         0.002381
52   0552+398           0.034281          0.075385           0.053173         -0.076481            0.008315           0.031662          0.052291        -0.039674          0.062966        -0.099555           0.010041          0.030976        -0.009438        0.094733        -0.001221        0.002749          0.006846        -0.019640          0.008572        -0.020325
53   0605-085          -0.050572          0.011475          -0.092558          0.024684           -0.080086           0.009183         -0.067386         0.041595         -0.093332         0.023963          -0.082501          0.011916         0.017247       -0.021266         0.001207        0.009575          0.002848         0.006122          0.000433         0.008855
54   0607-157          -0.027161         -0.066689          -0.023929         -0.083927           -0.014655          -0.035190         -0.027931        -0.071511         -0.021116        -0.094240          -0.012321         -0.044325         0.007089       -0.004758         0.003504        0.000734          0.003984        -0.000444          0.006318        -0.009579
55   0642+449           0.002276          0.017813           0.021617          0.004198           -0.025512           0.046902          0.002355         0.063483          0.022912         0.054179          -0.024186          0.107225         0.000301        0.017582        -0.000915        0.013272         -0.000947         0.002929          0.000380         0.063252
56   0648-165           0.021191          0.124172           0.049816          0.077485            0.022848           0.061644         -0.153344         0.136763         -0.130358         0.102827          -0.137303          0.058074         0.197022       -0.037002         0.202661       -0.049752          0.182638        -0.020840          0.022487        -0.024410
57   0707+476          -0.061421         -0.000117          -0.025176         -0.022777           -0.028422          -0.052711         -0.030944        -0.009020         -0.022492        -0.024229          -0.022715         -0.055134        -0.030483        0.009777        -0.002690        0.002325         -0.005713         0.003297         -0.000007         0.000873
58   0710+439          -0.067732         -0.005842          -0.068783         -0.023880            0.089637          -0.020153         -0.165230        -0.029851         -0.143723        -0.042651           0.027082         -0.047535         0.064857        0.005350         0.042299        0.000112          0.029915         0.008724         -0.032641        -0.018659
59   0716+714           0.014663          0.020540           0.116521          0.216499            0.168125          -0.106453          0.027390         0.026084          0.119752         0.217260           0.169815         -0.105365        -0.010906       -0.003952        -0.001410        0.000830          0.000130         0.000504          0.001820         0.001592
60   0716+714           0.017281          0.088732          -0.019848          0.017775           -0.083893          -0.114436         -0.208659         0.065208         -0.206336        -0.009328          -0.131899         -0.122766         0.260069        0.019262         0.220617        0.022841          0.082135         0.004067          0.034129        -0.004262
61   0723-008          -0.396134          0.062570          -0.203033          0.033472           -0.200209          -0.021709         -0.407155         0.040838         -0.220635         0.036777          -0.208832          0.010191        -0.005360        0.025704         0.001221        0.000666         -0.007758        -0.027929         -0.016381         0.003971
62   0727-115          -0.142021          0.123618          -0.015452          0.033872            0.058333           0.050749         -0.130335         0.091004         -0.009059         0.025401           0.063412          0.038071        -0.004920        0.021849         0.000374       -0.002293          0.001687         0.001913          0.006766        -0.010765
63   0730+504          -0.023379         -0.013568          -0.012614          0.009141           -0.009001          -0.007487         -0.070433        -0.045530         -0.041659        -0.006974          -0.007636         -0.013093         0.049586        0.030797         0.031577        0.014950          0.001167         0.004441          0.002532        -0.001165
64   0735+178          -0.009749         -0.010120           0.025135          0.068824           -0.016367          -0.006535         -0.000904         0.242980         -0.011025         0.266028          -0.029157          0.215731        -0.022703       -0.029936         0.022301        0.025960         -0.001068         0.000899         -0.013858         0.223165
65   0736+017          -0.028573          0.087327          -0.025290          0.079061            0.016187           0.049383         -0.023484         0.076944         -0.021334         0.082192           0.018599          0.049404        -0.003793        0.011249        -0.002661       -0.002266         -0.001117         0.000845          0.001296         0.000866
66   0738+313           0.023167         -0.013086          -0.006004         -0.009542           -0.009552          -0.003514         -0.022304        -0.015502         -0.018712        -0.010596          -0.016018         -0.006336         0.047235        0.000932         0.014472       -0.000430          0.008231         0.001338          0.001764        -0.001484
67   0742+103           0.106088         -0.115495           0.075045         -0.122848            0.043642          -0.060196          0.275788        -0.152573          0.250899        -0.145785           0.140281         -0.114783        -0.159471        0.006266        -0.165625       -0.007874         -0.086410         0.023775          0.010229        -0.030812
68   0748+126           0.006114         -0.041145           0.085157         -0.031020           -0.015004           0.005411          0.007520        -0.039428          0.086837        -0.030015          -0.012797          0.004835        -0.002782        0.000939        -0.003057        0.001651         -0.003584         0.003232         -0.001377         0.002656
69   0754+100          -0.009297          0.038334           0.300003          0.229017           -0.055019          -0.000515          0.194754         0.134796          0.185775         0.118969          -0.009697          0.009742        -0.177737       -0.098193         0.140543        0.108317         -0.019007        -0.011988          0.026314        -0.001730
70   0804+499          -0.130140         -0.035891           0.031719          0.029173           -0.075903          -0.020862         -0.141810        -0.025848          0.026119         0.036947          -0.078124         -0.012955         0.010949       -0.000632         0.004879        0.001637          0.001499         0.001504         -0.000721         0.009410
71   0805-077          -0.087609          0.050536          -0.080996          0.081198            0.024383           0.008355         -0.077471         0.042301         -0.075136         0.071295           0.023149          0.007114        -0.011479        0.009759        -0.007201        0.011426         -0.000107         0.002764         -0.001342         0.001523
72   0808+019           0.183424         -0.148512           0.179011          0.093172           -1.825589           1.004227          0.172574        -0.146285          0.175021         0.092907          -1.832405          1.003094         0.008823       -0.002892         0.001963       -0.000399          0.004789         0.000468         -0.002027        -0.000665
73   0814+425          -0.010309         -0.010536          -0.007555         -0.007883           -0.002686          -0.002830         -0.010317        -0.001305         -0.006677        -0.004202          -0.002587         -0.002819         0.001404       -0.011684         0.000517       -0.006133          0.001296        -0.002463          0.001395        -0.002452
74   0823+033          -0.045258         -0.092127          -0.052411         -0.073721           -0.057716          -0.002782         -0.039913        -0.086653         -0.064512        -0.077752          -0.054433         -0.003500        -0.004776       -0.005242         0.012670        0.004263         -0.002714         0.000950          0.000569         0.000232
75   0827+243           0.056423         -0.042395           0.058979         -0.074032            0.005651          -0.051922          0.054984        -0.038883          0.063170        -0.080645           0.009017         -0.054460         0.006883       -0.006370         0.001252        0.003755          0.002078        -0.000321          0.005444        -0.002858
76   0829+046           0.022874          0.031118           0.013970          0.099994            0.011467           0.016708          0.046490         0.090074          0.004101         0.095852           0.028120         -0.000215        -0.029209       -0.054164         0.004275        0.008935         -0.022246         0.021716         -0.005593         0.004793
77   0834-201          -0.222397          0.114530          -0.101566          0.103001           -0.146246           0.025186         -0.195951         0.120629         -0.081133         0.103589          -0.137641          0.052880        -0.021983       -0.003369        -0.015971        0.002143         -0.004144        -0.024963          0.004462         0.002731
78   0834-201           0.151681          0.152708           0.124723          0.130284           -0.044176           0.043738          0.206918         0.104506          0.176572         0.103855          -0.013231          0.037281        -0.031966        0.045613        -0.028579        0.023840         -0.007674         0.003868          0.023271        -0.002589
79   0836+710           0.009215          0.011973           0.035470          0.034850            0.027986           0.022495         -0.037023        -0.033993          0.011133        -0.000245           0.023798          0.015403         0.048313        0.043743         0.026412        0.032872          0.006263         0.004869          0.002075        -0.002223
80   0847-120           1.894638         -2.501625           1.666944         -1.340082           -0.688161           1.292724          1.900000        -2.500000          1.663458        -1.335600          -0.688843          1.285088        -0.005737        0.004895         0.003111        0.002037          0.000307         0.014156         -0.000375         0.006519
81   0847-120           1.423870          1.956058          -1.229498         -0.539653            0.645407           0.263691          1.454103         1.756728         -1.145918        -0.699294           0.700000          0.200000        -0.083198        0.223977        -0.136544        0.184287         -0.107558         0.088337         -0.052965         0.024646
82   0851+202           0.077998          0.127756           0.031895          0.103734           -0.005209           0.080593          0.063538         0.119281          0.026124         0.102683          -0.015017          0.075327         0.004846        0.004198        -0.003843       -0.003227          0.000194         0.000989         -0.009614        -0.004278
83   0859-140          -0.453538          0.156597          -0.153354          0.041077           -0.039408          -0.006901          0.031863        -0.029199         -0.174830         0.063599          -0.024541          0.004632        -0.489427        0.197185         0.017450       -0.011134         -0.018893        -0.000144         -0.004026         0.011389
84   0906+015          -0.078716         -0.043934          -0.058361         -0.038717           -0.013899          -0.012702         -0.067756        -0.039474         -0.058409        -0.043268          -0.025150         -0.018962        -0.016454       -0.007814        -0.005446        0.001197          0.005757         0.002905         -0.005494        -0.003354
85   0917+624          -0.225261          0.038798          -0.010185         -0.050901           -0.171064          -0.045627         -0.215961         0.021226         -0.004828        -0.065048          -0.167991         -0.059866        -0.006295        0.001493        -0.002352       -0.001931         -0.000068        -0.001839          0.003005        -0.016079
86   0923+392           0.052957         -0.083037           0.073627         -0.108304            0.009749          -0.050837          0.096850        -0.025661          0.117254        -0.028876           0.086558          0.211742         0.001697        0.031433         0.001963        0.009380         -0.031219        -0.173771          0.045590         0.088809
87   0945+408          -0.028585          0.086222          -0.069994          0.220687           -0.012208           0.034587         -0.118830         0.209090         -0.106291         0.198092          -0.019937          0.058963         0.096441       -0.127202         0.042492        0.018261          0.013925        -0.028710          0.006196        -0.004334
88   0953+254          -0.038005          0.013034          -0.065620         -0.028765           -0.003374           0.027224         -0.089613        -0.058846         -0.066307        -0.033756          -0.011709          0.023069         0.052008        0.072025         0.001088        0.005138          0.008735         0.004301          0.000400         0.000146
89   0954+658          -0.024298          0.052101          -0.023538          0.061221           -0.047181           0.037918         -0.008812         0.037396         -0.025945         0.058355          -0.042346          0.036708        -0.013931        0.013885         0.003962        0.002047         -0.003281         0.000390          0.001555        -0.000820
90   0955+476           0.113883          0.000124          -0.004485          0.042375            0.036092           0.035911          0.116013         0.000958         -0.000642         0.039847           0.039382          0.044384        -0.000952       -0.000894        -0.002665        0.002469         -0.002112        -0.008532          0.001178        -0.000059
91   1015+359          -0.149432          0.024987           0.050763         -0.060195            0.038911          -0.052511         -0.118925         0.027580          0.071735        -0.059101           0.065285         -0.056509        -0.010285       -0.000809        -0.000749        0.000689         -0.006152         0.005782          0.020223         0.001783
92   1036+054           0.031790         -0.133275           0.033465         -0.101895           -0.099691          -0.010334          0.008627        -0.126462         -0.003699        -0.093971          -0.083249         -0.012968         0.038730       -0.001804         0.052731       -0.002916         -0.000876         0.007642          0.015566         0.005008
93   1038+064           0.049002         -0.034218           0.016530         -0.013151            0.006743          -0.038498          0.033169        -0.025358          0.025086        -0.014533          -0.001008         -0.033606         0.018209       -0.008549        -0.006181        0.001692          0.010127        -0.004582          0.002376         0.000310
94   1045-188           0.007516         -0.063875           0.068736         -0.048374            0.041485          -0.012936         -0.020023        -0.048846          0.068552        -0.047415           0.029249         -0.001970         0.026933       -0.013541        -0.000423        0.000530          0.011629        -0.009478         -0.000606         0.001488
95   1055+018          -0.079955          0.089950          -0.054226          0.067091           -0.028454           0.049290         -0.074871         0.068257         -0.050000         0.048939          -0.022543          0.033296         0.002053        0.005217         0.002911        0.001676          0.001226        -0.000482          0.007137        -0.016476
96   1101+384           0.084090          0.038933           0.217584          0.139113           -0.041334          -0.010636          0.117722         0.024331          0.225331         0.131627          -0.030999         -0.018453        -0.028277        0.012483        -0.002391        0.005368         -0.004979         0.005698          0.005356        -0.002119
97   1124-186          -0.033665         -0.115404           0.095629         -0.178844           -0.131950           0.001616         -0.033215        -0.114685          0.098120        -0.178761          -0.130606         -0.000926        -0.001113       -0.000969        -0.003155       -0.000333         -0.002008         0.002291         -0.000663        -0.000250
98   1127-145          -0.095219         -0.063301          -0.071738         -0.094608           -0.043877          -0.073546         -0.101367        -0.152335         -0.074795        -0.158648          -0.045647         -0.127888        -0.003333        0.022631        -0.006424       -0.002364         -0.007710        -0.012062         -0.009481        -0.066403
99   1128-047           0.171208         -0.228170           0.135758         -0.257827            0.038005          -0.046312          0.159643        -0.262401          0.114382        -0.264429           0.034853         -0.060058         0.026408        0.035132         0.036218        0.007503          0.017995         0.014647          0.014843         0.000901
100  1128-047          -0.024467         -0.120100           0.089160         -0.187181           -0.041326           0.001847          0.236055        -0.119516          0.334883        -0.168906           0.076210         -0.021226        -0.316444       -0.031792        -0.301646       -0.049483         -0.173458        -0.008135         -0.055923        -0.031208
101  1148-001          -2.208820         -3.734266          -2.298031         -3.742406           -2.369657          -3.812352         -1.296855        -1.924415         -1.237044        -1.923947          -1.186946         -1.885025        -0.917705       -1.840953        -1.066726       -1.849561         -1.188450        -1.958428         -0.005740        -0.031102
102  1150+812          -0.034452         -0.040566          -0.035947         -0.037878           -0.012755          -0.008216         -0.073651        -0.056040         -0.075974        -0.052073          -0.024640         -0.001594        -0.005775        0.003539        -0.004947        0.002260         -0.033089        -0.018557         -0.044974        -0.011935
103  1156+295          -0.000175          0.002863           0.004424          0.001780           -0.180341          -0.037453          0.000000         0.000000          0.000000         0.000000          -0.181061         -0.037070        -0.000136        0.003381         0.004463        0.002299          0.000759         0.000135          0.000039         0.000518
104  1213-172          -0.033442          0.050990          -0.077765          0.152268           -0.124108           0.057999         -0.048415         0.093195         -0.096852         0.113558          -0.171575          0.085524        -0.029560        0.029301        -0.025445        0.110216          0.002934         0.043980         -0.044533         0.071506
105  1219+044           0.288085         -0.220612           0.016150         -0.109960            0.176878           0.058516          0.278104        -0.218973          0.010648        -0.110642           0.174611          0.056637         0.009437       -0.000999         0.004957        0.001322          0.001722         0.002519         -0.000545         0.000640
106  1219+285           0.041050          0.032212           0.019989          0.069062           -0.009148           0.070628          0.029027         0.049541          0.009177         0.078189          -0.006012          0.061151         0.004040       -0.004061         0.002829        0.004141         -0.011119         0.022745         -0.007983         0.013268
107  1219+285          -0.027277          0.023286          -0.104095          0.084372           -0.144163           0.078563         -0.027533         0.031676         -0.102860         0.085536          -0.143902          0.074179         0.001609       -0.008259         0.000119       -0.001032          0.001093         0.004515          0.001353         0.000131
108  1222+216           0.055230          0.030617           0.048721          0.012724            0.038069          -0.016304          0.090208         0.031731          0.079544         0.012846           0.056421         -0.015010        -0.023789       -0.000748        -0.019634        0.000244         -0.007164        -0.000928          0.011189         0.000366
109  1226+023          -0.906109         -0.715500          -0.781707         -0.651570           -0.028760          -0.019492         -0.895991        -0.760506         -0.865552        -0.747308          -0.022398         -0.033849         0.007531        0.039381         0.101494        0.090114          0.011286         0.008732          0.017649        -0.005625
110  1226+023          -0.246412         -0.167452          -0.252293         -0.173977            0.012998           0.035927         -0.371196        -0.248493         -0.320788        -0.228023          -0.040185          0.010681         0.125907        0.074416         0.069618        0.047420          0.054306         0.018620          0.001123        -0.006626
111  1228+126           0.002971         -0.021982           0.015360         -0.036498           -0.016660           0.047185          0.012183        -0.093276          0.009770        -0.039254          -0.009961          0.030563        -0.011271        0.065708         0.003532       -0.002829         -0.008758         0.011036         -0.002059        -0.005586
112  1243-072           0.166030          0.242259           0.596097          0.099907            0.228812           0.010622          0.174209         0.223335          0.599446         0.111546           0.233523          0.003335        -0.000809        0.012962         0.004021       -0.017600          0.002659         0.001326          0.007370        -0.005961
113  1253-055          -0.134034         -0.132068          -0.214816         -0.225561           -0.011717          -0.003412         -0.167955        -0.182249         -0.188630        -0.234121          -0.063129         -0.076593         0.048042        0.032955        -0.012064       -0.008665          0.065533         0.055955          0.014121        -0.017226
114  1253-055          -0.067989         -0.061057          -0.178566         -0.158115           -0.025259          -0.016472         -0.156311        -0.140007         -0.149393        -0.154225          -0.050191         -0.037385         0.099229        0.069773        -0.018265       -0.013067          0.035839         0.011736          0.010908        -0.009177
115  1302-102          -0.003784         -0.004282           0.023082          0.009198            0.006124          -0.000661          0.033269         0.008519         -0.016752         0.000598           0.014457          0.003803        -0.040383       -0.013194         0.036504        0.008206         -0.011662        -0.004858         -0.003330        -0.000394
116  1308+326           0.082657         -0.034257           0.144408         -0.069158           -0.011136           0.037527          0.114254        -0.063472          0.107011        -0.030530           0.004355          0.026373        -0.003690        0.007463         0.065304       -0.060380          0.012416        -0.010599          0.027907        -0.021752
117  1324+224           0.067283         -0.119654           0.182215          0.051334            0.334651           0.178719          0.025951        -0.087557          0.153140         0.076755           0.358496          0.183316         0.121754       -0.035292         0.109496       -0.028616          0.056577        -0.007793          0.080422        -0.003195
118  1331+170          -0.093318          0.049660          -0.027871          0.086087            0.020737          -0.074621          0.018041         0.069230          0.022655         0.103298           0.033253         -0.074734        -0.113380       -0.017433        -0.052546       -0.015073         -0.014536         0.002250         -0.002021         0.002137
119  1331+170           0.017147         -0.008046           0.054395          0.034217            0.235766          -0.039123         -0.013549        -0.017808         -0.009870         0.017069           0.195206         -0.064490         0.107443        0.003330         0.141013        0.010715          0.117308         0.018935          0.076748        -0.006432
120  1334-127           0.025594         -0.066731          -0.058097         -0.069056           -0.126775          -0.030835          0.006758        -0.057908         -0.049121        -0.077749          -0.131873         -0.028394         0.012500       -0.001893        -0.015312        0.015623         -0.001237         0.004488         -0.006335         0.006930
121  1345+125          -0.102273          0.013530          -0.151788          0.020136           -0.005326           0.012821         -0.161081         0.024008         -0.160501         0.016953          -0.041133          0.008870         0.030273        0.000431        -0.019822        0.014092          0.007272         0.014861         -0.028535         0.010910
122  1404+286          -0.045631         -0.027660          -0.049310         -0.108753            0.013401           0.016789         -0.018704        -0.112720         -0.059473        -0.113476           0.004598         -0.033791        -0.019719        0.076704         0.017372       -0.003633          0.016012         0.042225          0.007209        -0.008356
123  1406-076           0.116593          0.059926           0.143516          0.016764            0.087096          -0.006213          0.128758         0.044519          0.140776         0.041184           0.096686         -0.013801        -0.004152        0.005704         0.010753       -0.034124         -0.001578        -0.002115          0.008013        -0.009703
124  1413+135          -0.058093         -0.011806          -0.002452          0.058409            0.002942           0.139607         -0.078629        -0.054977         -0.010136         0.058961          -0.009246          0.129164         0.015469        0.034817         0.002617       -0.008907          0.007120         0.002089         -0.005067        -0.008354
125  1417+385           0.171080          0.334286           0.418019          0.084636            0.050688           0.122543          0.169500         0.332281          0.418000         0.082238           0.048281          0.121436        -0.000814        0.000281        -0.002375        0.000675          0.000013        -0.000616         -0.002394        -0.001723
126  1418+546          -0.033456          0.067940          -0.041872          0.064626            0.008969           0.002399         -0.059730         0.093102         -0.058769         0.077637           0.013714         -0.005069         0.003483       -0.001844        -0.005893        0.010307         -0.027535         0.030787         -0.022790         0.023318
127  1418+546          -0.023579          0.067381          -0.023972          0.062603           -0.006376           0.018056         -0.048486         0.090738         -0.040231         0.074731          -0.014761          0.022985         0.023738       -0.019714         0.015089       -0.008486          0.007216        -0.001287         -0.001170         0.003642
128  1458+718          -0.135892          0.015683          -0.112879          0.010766           -0.009615          -0.001093         -0.125169         0.037909         -0.058494         0.025244           0.010541          0.001357        -0.010953       -0.020121        -0.054614       -0.012373         -0.020385        -0.000345         -0.000230         0.002105
129  1502+106           0.076360         -0.091846           0.088633         -0.081841            0.040731          -0.039854          0.071666        -0.074875          0.087387        -0.085210           0.032204         -0.045904        -0.000415       -0.005201        -0.003863        0.015138          0.003419         0.017820         -0.005109         0.011770
130  1504-166          -0.157939         -0.010777          -0.197814         -0.028781            0.054158           0.009102          0.102563        -0.041518          0.041441        -0.032257           0.041530         -0.007101        -0.380478        0.024418        -0.359232       -0.002847         -0.107348         0.009879         -0.119976        -0.006323
131  1508-055          -0.006274          0.044083          -0.008335          0.013258            0.166694          -0.017691         -0.008161         0.043090         -0.009674         0.015689           0.162966         -0.024049        -0.001798        0.004158        -0.002346        0.000734          0.000043         0.009522         -0.003685         0.003165
132  1509+054          -0.008610          0.028788          -0.065072         -0.129203           -0.019227           0.021203         -0.076636        -0.133988         -0.064916        -0.098207          -0.038804          0.017734         0.062393        0.161339        -0.005789       -0.032434          0.013944         0.002032         -0.005634        -0.001437
133  1509+054          -0.026115         -0.027588          -0.083000         -0.174688           -0.003674           0.022743         -0.033109        -0.039122         -0.080112        -0.034771          -0.050062          0.023868         0.037294        0.020227         0.027413       -0.131223          0.076689         0.007569          0.030301         0.008694
134  1510-089           0.002613          0.019834           0.020317          0.005384           -0.000020           0.010070          0.032897        -0.021475         -0.009347         0.012561           0.007582         -0.010224        -0.037918        0.039238         0.022030       -0.009248         -0.015236         0.018223         -0.007634        -0.002071
135  1514+004          -0.201131          0.150805          -0.198169          0.146470           -0.112671           0.081762         -0.123760         0.107555         -0.181227         0.134010          -0.064525          0.049192        -0.056134        0.029788         0.004295       -0.001001         -0.026909         0.019108          0.021237        -0.013462
136  1514-241           0.036999         -0.028569           0.134324         -0.040217            0.037806          -0.013532          0.080057        -0.030532          0.119877        -0.037686           0.006062         -0.016572        -0.044911        0.000819         0.012594       -0.003674          0.029891         0.001897         -0.001853        -0.001143
137  1532+016           0.048993         -0.095126          -0.006353         -0.090865           -0.150620          -0.028848          0.044879        -0.087292         -0.010127        -0.088730          -0.152635         -0.030743         0.003492       -0.007220         0.003152       -0.001520          0.001393         0.002508         -0.000622         0.000614
138  1538+149          -0.175405          0.116920          -0.105958          0.101108           -0.108725           0.056283         -0.086280         0.030531         -0.070436         0.055884          -0.069761          0.012335        -0.057757        0.040667        -0.004154       -0.000497         -0.007595        -0.001773          0.031369        -0.045721
139  1546+027           0.038719         -0.001146           0.047146         -0.012081           -0.050515          -0.006547          0.016107         0.001323          0.026732        -0.009942          -0.062410         -0.009091        -0.008587       -0.000185        -0.010785        0.000144         -0.019303         0.004828         -0.031198         0.002284
140  1548+056           0.069945          0.018362          -0.082886          0.068554            0.122230           0.013623         -0.006325         0.043962         -0.082547         0.073127          -0.035625          0.029651         0.062366       -0.017318        -0.014243        0.003709          0.143951        -0.007747         -0.013904         0.008282
141  1606+106          -0.031615          0.059602          -0.002661          0.002619           -0.011923           0.026090         -0.013404         0.031407          0.000748         0.004968          -0.000034          0.018035        -0.013281        0.024750         0.001522       -0.005793         -0.006958         0.004610          0.004930        -0.003445
142  1607+268           0.264454          0.218430           0.347949          0.123323            0.386438          -0.077609          0.315592         0.179301          0.275093         0.093437           0.367370         -0.089381        -0.051319        0.043294         0.072676        0.034051          0.018887         0.015937         -0.000180         0.004165
143  1611+343          -0.057553          0.011978          -0.110310          0.021978           -0.021051          -0.000090         -0.103385         0.032976         -0.114015         0.019179          -0.031039          0.000531         0.039523       -0.020550        -0.002603        0.003247          0.003679        -0.000173         -0.006309         0.000447
144  1633+382           0.014705         -0.002540           0.017450         -0.010163           -0.000439           0.000274          0.010831        -0.007807          0.006410         0.004020          -0.005669         -0.000700         0.000656        0.004063         0.007822       -0.015387          0.002012        -0.000231         -0.003218        -0.001204
145  1637+574           0.005216         -0.020712          -0.039016         -0.051702            0.024801          -0.010693         -0.027016        -0.029107         -0.017866        -0.028441           0.019776         -0.025949         0.028963        0.007488        -0.024419       -0.024167          0.001757         0.014350         -0.003268        -0.000906
146  1637+826           0.008023          0.008124          -0.007049          0.033478           -0.024451           0.042883          0.047581        -0.074002          0.006980        -0.004392          -0.026148          0.044026        -0.031753        0.065057        -0.006225        0.020802          0.009501        -0.018211          0.007805        -0.017069
147  1638+398           0.003188          0.022800           0.141208          0.061967            0.081791           0.014357          0.013973         0.007402          0.142703         0.065831           0.088146          0.004169        -0.004857        0.007813         0.004433       -0.011450         -0.000427         0.002603          0.005929        -0.007585
148  1641+399          -0.008904         -0.031854          -0.006262         -0.059360           -0.005982          -0.016262         -0.006237        -0.106014          0.000827        -0.093920          -0.002196         -0.015100        -0.000421        0.075057        -0.004844        0.035457         -0.001541        -0.000265          0.002246         0.000897
149  1642+690          -0.012243         -0.021000           0.012154         -0.021983            0.000893           0.005343         -0.017497        -0.026478          0.006732        -0.022945           0.000608          0.004209         0.004684        0.005199         0.004853        0.000683         -0.000285         0.000855         -0.000570        -0.000279
150  1652+398          -0.023463          0.022039          -0.167359          0.073724           -0.001737           0.012715         -0.085251         0.042360         -0.193261         0.075910           0.002598          0.004238         0.045857       -0.020588         0.009971       -0.002453         -0.020267         0.008209         -0.015931        -0.000267
151  1655+077           0.055120         -0.024642           0.079387         -0.049130           -0.007112           0.013516          0.063134        -0.031360          0.068219        -0.036964          -0.004713          0.012720        -0.002642        0.000371         0.016541       -0.018514          0.002973        -0.005552          0.005373        -0.006348
152  1725+044           0.000162          0.011355          -0.069295          0.091494           -0.036023           0.076365         -0.030032         0.039594         -0.035647         0.018193          -0.056023          0.071908         0.025515       -0.016520        -0.038327        0.085020          0.015320         0.016175         -0.004679         0.011719
153  1726+455           0.139887          0.221828           0.097412         -0.114604           -0.001165          -0.028496          0.112657         0.207802          0.102422        -0.080300          -0.005609         -0.026011         0.023444        0.010428        -0.008796       -0.037903          0.000658        -0.006083         -0.003786        -0.003598
154  1730-130           0.166309          0.007194           0.336429          0.105222            0.012369           0.001275          0.273228        -0.001707          0.423400         0.097366           0.114752         -0.009633        -0.032250        0.000061        -0.012302       -0.000984         -0.027714         0.002069          0.074669        -0.008839
155  1739+522          -0.026486          0.027629          -0.035884          0.021412           -0.021033          -0.039738         -0.030525         0.035074         -0.034879         0.036724          -0.021446         -0.024295        -0.005702        0.008805        -0.010746        0.000938         -0.009328         0.000806         -0.009741         0.016250
156  1741-038          -0.150400         -0.050468          -0.113134         -0.030115           -0.030622          -0.059396         -0.019869        -0.007356          0.009363        -0.007176           0.060299         -0.051354        -0.373913       -0.117034        -0.365879       -0.096861         -0.334303        -0.081964         -0.243383        -0.073922
157  1749+096          -0.117218         -0.118701          -0.067514         -0.084872           -0.058626          -0.035507         -0.116231        -0.118248         -0.066451        -0.084921          -0.056886         -0.035375         0.001521       -0.000340         0.001445        0.000162          0.000768        -0.000020          0.002508         0.000113
158  1749+701          -0.042710          0.121493          -0.029103          0.056185           -0.049089           0.099488          0.012279         0.004902         -0.048401         0.074285          -0.007572         -0.037501        -0.018599        0.009494         0.055688       -0.125198         -0.005127         0.029892          0.036390        -0.107097
159  1751+288          -0.021308          0.230446           0.009962          0.263032            0.181002           0.147661         -0.017628         0.236998          0.005185         0.270902           0.184617          0.154559        -0.002490        0.000356         0.005967       -0.000962         -0.002426         0.000010          0.001190         0.006908
160  1758+388           0.007313          0.048803           0.075215          0.115039            0.015619           0.047101          0.016158         0.034269          0.076652         0.119519           0.015229          0.045768        -0.007013        0.010775         0.000395       -0.008239          0.002222        -0.002426          0.001832        -0.003759
161  1800+440           0.135017         -0.024168           0.018587          0.096279            0.131328          -0.107285          0.123437        -0.029409          0.015566         0.093632           0.130658         -0.108650         0.006129        0.004207        -0.002431        0.001612         -0.004782         0.000330         -0.005452        -0.001035
162  1803+784           0.000982          0.010546           0.019910          0.005770           -0.001344           0.023251          0.006981        -0.024311          0.022271        -0.000187          -0.000125          0.016933        -0.005606        0.027382        -0.001968       -0.001518         -0.000826        -0.001157          0.000393        -0.007475
163  1807+698          -0.034675          0.008200          -0.033259         -0.014098            0.004302           0.050014         -0.019739         0.059068         -0.035220        -0.038846          -0.000624          0.039313        -0.010709       -0.047620         0.006189        0.027996          0.009154         0.013949          0.004227         0.003248
164  1823+568          -0.005264          0.014705           0.065425          0.008571           -0.000939          -0.004089         -0.055044        -0.000626          0.032946         0.002810           0.006833         -0.001721         0.013439        0.007561        -0.003862       -0.002009         -0.044113        -0.010138         -0.036341        -0.007770
165  1828+487           0.048496         -0.048838           0.050839         -0.063948            0.019176          -0.027559          0.070518        -0.079112          0.054806        -0.069881           0.022884         -0.032107        -0.019786        0.026868        -0.001731        0.002527         -0.001472         0.001142          0.002236        -0.003406
166  1845+797           0.136617          0.117415           0.189770          0.180527            0.290651           0.217675          0.135425         0.121159          0.187952         0.182453           0.284830          0.217877         0.007849       -0.006735         0.008475       -0.004917          0.012478        -0.003193          0.006656        -0.002991
167  1849+670           0.030075         -0.259385          -0.007250         -0.037049            0.124373           0.057853          0.030390        -0.259990         -0.006650        -0.037764           0.124480          0.057240         0.000061       -0.000037        -0.000224        0.000074          0.000269        -0.000028          0.000376        -0.000641
168  1901+319           0.023688         -0.020441           0.010701         -0.044338           -0.003976           0.003108          0.048956        -0.080520          0.045499        -0.088999          -0.007572          0.012016         0.013028        0.009651         0.003498       -0.005766          0.041893        -0.059335          0.038297        -0.050428
169  1908-201           0.013507          0.009799          -0.068211         -0.017537           -0.092911          -0.051891          0.015033        -0.001006         -0.072838        -0.017880          -0.086224         -0.056401         0.005078        0.010580         0.011231        0.000118         -0.000083         0.004286          0.006604        -0.000225
170  1928+738           0.225420         -0.078236           0.217748         -0.084671            0.056179          -0.018606          0.292410        -0.092964          0.274516        -0.095461           0.090844         -0.020480        -0.067333        0.025769        -0.057112        0.021831         -0.035008         0.012915         -0.000344         0.011040
171  1936-155           0.178616         -0.046722          -0.148328          0.082599           -0.107704           0.022146          0.170929        -0.026240         -0.141986         0.075526          -0.106901          0.022672         0.005589       -0.019587        -0.008440        0.007969         -0.002901         0.000370         -0.002097         0.000895
172  1957+405           0.074221         -0.205255           0.092650         -0.245582            0.010444          -0.045694          0.117585        -0.554217          0.132361        -0.555303           0.009002         -0.058977        -0.048114        0.316996        -0.044462        0.277756         -0.003308        -0.018682         -0.004751        -0.031965
173  1958-179           0.118580          0.325917           0.026661          0.098526            0.240034           0.266681          0.128804         0.323121          0.030225         0.098397           0.239412          0.266919        -0.015917        0.004262        -0.009256        0.001595         -0.005070         0.001228         -0.005693         0.001466
174  2005+403          -0.021933          0.258752          -0.016626          0.232902           -0.027143           0.060054         -0.011565         0.444073         -0.001930         0.330125          -0.032537          0.089570        -0.010738       -0.159574        -0.015065       -0.071476          0.005025        -0.003769         -0.000369         0.025747
175  2008-159          -0.154668         -0.085448          -0.224735         -0.119379           -0.017663          -0.059115         -0.157295        -0.080899         -0.238328        -0.117325          -0.017078         -0.056802         0.002894        0.001002         0.013859        0.003496         -0.000319         0.003238          0.000267         0.005551
176  2021+317          -0.077148          0.124285          -0.050040          0.045325            0.062343           0.041804         -0.075112         0.095458         -0.052473         0.061006           0.071417          0.015994         0.002804        0.023936         0.007272       -0.020573         -0.004234         0.020919          0.004839        -0.004891
177  2021+614           0.031738         -0.060908           0.032273         -0.048331            0.003536          -0.024392          0.021225        -0.119191          0.016321        -0.085516           0.005919         -0.025914         0.016301        0.038124         0.021740        0.017027          0.003406        -0.018637          0.005788        -0.020159
178  2022-077          -0.013928          0.109417          -0.048060          0.080788            0.082614           0.178821          0.019064         0.103940         -0.090072         0.082234           0.112582          0.182248        -0.022325        0.006215         0.052680       -0.000708         -0.019300        -0.002689          0.010668         0.000738
179  2037+511          -0.043984          0.015690          -0.080416         -0.005289            0.005225          -0.005882         -0.066944         0.000421         -0.086046        -0.007423           0.003283         -0.005507         0.017262        0.012986        -0.000067       -0.000149         -0.003756        -0.002658         -0.005697        -0.002284
180  2113+293          -0.149539          0.071948          -0.070812          0.151071            0.155295          -0.011407         -0.135933         0.072995         -0.092435         0.148966           0.178124         -0.005844        -0.033985       -0.001342         0.001244        0.001810         -0.043208        -0.005859         -0.020379        -0.000295
181  2121+053          -0.100061          0.017591          -0.095433          0.019675           -0.054357           0.046910         -0.134934        -0.050966         -0.126852        -0.032629          -0.092585         -0.031126         0.007854        0.007993         0.004399       -0.008260          0.011208         0.017472         -0.027019        -0.060564
182  2126-158           0.363551         -0.049136           0.152819         -0.057864            0.167650          -0.004980          0.327857        -0.059857          0.139403        -0.056838           0.133106         -0.011234         0.027204        0.012248         0.004927        0.000502          0.026055         0.007781         -0.008490         0.001527
183  2128-123           0.072720          0.072997           0.153504          0.122951            0.099298           0.068003          0.150746         0.116904          0.132612         0.114960           0.108889          0.079822        -0.066897       -0.036707         0.032020        0.015192          0.001538        -0.004619          0.011129         0.007200
184  2131-021           0.065879         -0.029839           0.053385          0.054029            0.014137           0.000048          0.049532         0.028604          0.044629         0.009186           0.007328          0.015800         0.003953       -0.033662        -0.003638        0.069624         -0.005586         0.009029         -0.012394         0.024782
185  2134+004          -0.536750         -1.859953          -0.485712         -1.715112           -0.003625          -0.041831         -0.092574        -0.328009         -0.044559        -0.294041          -0.422225         -1.863138        -0.447116       -1.551915        -0.444094       -1.441043          0.415659         1.801335         -0.002941        -0.019972
186  2136+141           0.184935          0.025998           0.217972         -0.015564            0.126329           0.019377          0.237460         0.001722          0.263324         0.014567           0.140774         -0.006096        -0.040412        0.000407        -0.033239       -0.054000         -0.002333         0.001605          0.012112        -0.023869
187  2141+175          -0.495769         -0.148563          -0.221517         -0.047677           -0.037339          -0.006913         -0.486269        -0.180010         -0.219256        -0.068178          -0.034484         -0.012383        -0.007709        0.005916        -0.000470       -0.005030         -0.001065        -0.020061          0.001791        -0.025531
188  2145+067          -0.001542         -0.050128          -0.179264          0.169457           -0.031064           0.029684         -0.073051         0.046506         -0.165804         0.151570          -0.041430          0.050030         0.066397       -0.089604        -0.018572        0.024918          0.005254        -0.013315         -0.005112         0.007031
189  2155-152          -0.065436         -0.010997           0.151734          0.120535            0.024431           0.005017          0.084424         0.102918          0.084525         0.087003           0.072515          0.031809        -0.200742       -0.112159         0.016327        0.035288         -0.098966        -0.025035         -0.050882         0.001756
190  2200+420          -0.040416          0.005022           0.021634          0.016118            0.021191           0.010498         -0.070611         0.006416          0.001632         0.017889           0.031171          0.013522         0.030874       -0.001391         0.020680       -0.001768         -0.009301        -0.003021          0.000679         0.000003
191  2200+420          -0.006675         -0.004783          -0.032733         -0.002593            0.017598          -0.000358         -0.041690        -0.005198         -0.055998        -0.003609           0.015658         -0.002044         0.033233        0.000936         0.021482        0.001538          0.000157         0.002207         -0.001783         0.000522
192  2201+171          -0.158274         -0.057704          -0.030916         -0.071801            0.062122           0.000547         -0.153833        -0.060703         -0.026246        -0.076714           0.066051          0.000963        -0.001778        0.006701        -0.002008        0.008615         -0.001267         0.003286          0.002662         0.003702
193  2201+315           0.021439         -0.028765          -0.198050         -0.148735           -0.003047          -0.027138         -0.036925        -0.092357         -0.201394        -0.166927          -0.010825         -0.047600         0.053153        0.043474        -0.001867       -0.001925          0.002567         0.000344         -0.005211        -0.020117
194  2209+236          -0.234260         -0.013998          -0.088795         -0.051122            0.007828           0.020362         -0.308930        -0.017156         -0.131240        -0.050900          -0.000945          0.023170         0.104949        0.005685         0.072725        0.002304          0.039053        -0.000281          0.030279         0.002527
195  2216-038          -0.026072          0.020662          -0.004657          0.018213            0.019886           0.035155         -0.057519         0.029693         -0.025053         0.036861           0.023795          0.057690         0.034785        0.011747         0.023734        0.002129         -0.000571        -0.001757          0.003339         0.020778
196  2223-052           0.010764          0.005573          -0.002988          0.151920           -0.169448           0.141584          0.011716        -0.003894         -0.002725         0.142991          -0.166593          0.141326         0.001960        0.010701         0.002649        0.010163          0.000057         0.001493          0.002912         0.001235
197  2227-088          -0.349571         -0.088549          -0.242483         -0.010973            0.249341           0.027582         -0.331201        -0.105241         -0.234908        -0.011613           0.253595          0.025527        -0.011780        0.014769        -0.000986       -0.001283          0.002335         0.000132          0.006589        -0.001923
198  2230+114          -0.082607          0.055509          -0.110710          0.056203           -0.004139           0.015119         -0.096686         0.065502         -0.112187         0.042361           0.000263          0.016809         0.015675       -0.010347         0.003074        0.013488         -0.002805        -0.002043          0.001596        -0.000353
199  2243-123           0.100136          0.005014           0.094840          0.000756            0.035419          -0.002928          0.253026         0.015316          0.244174         0.027075           0.039690          0.011460        -0.179862       -0.010642        -0.176307       -0.026658         -0.031244        -0.014727         -0.026973        -0.000339
200  2251+158           0.029667         -0.144345           0.006896         -0.385987            0.015556          -0.000072          0.041951        -0.277974          0.039044        -0.274312           0.027576         -0.005136        -0.007529        0.134699        -0.027394       -0.110605         -0.007266         0.006134          0.004754         0.001070
201  2251+158          -0.010356         -0.065790          -0.019385         -0.276887           -0.007651           0.011047         -0.021253        -0.197709         -0.011200        -0.200950          -0.018643          0.002036         0.006049        0.130938        -0.013033       -0.076917          0.006144         0.008031         -0.004848        -0.000980
202  2254+074          -0.043808          0.014926          -0.036092          0.001650           -0.007117           0.010332         -0.046467        -0.000265         -0.020157         0.013529          -0.007765         -0.003408         0.006252        0.009828        -0.012342       -0.017241          0.004240         0.008377          0.003593        -0.005362
203  2320-035          -0.041747          0.044800          -0.163311          0.081289           -0.019852           0.040473         -0.035335         0.039833         -0.166422         0.082657          -0.024693          0.042541        -0.010339        0.007959        -0.000816        0.001623          0.000915         0.000924         -0.003926         0.002992
204  2331+073           0.009776          0.098031          -0.044231          0.006526           -0.152163          -0.016518          0.033174         0.150060         -0.022808         0.054346          -0.151704         -0.015946        -0.019657       -0.043394        -0.017681       -0.039185          0.003282         0.008063          0.003742         0.008635
205  2345-167           0.054174         -0.015519           0.057829         -0.013145            0.017213          -0.008212          0.051112         0.001752          0.049052        -0.015752           0.008417         -0.005020        -0.002157       -0.011813         0.003558        0.008064          0.003577         0.002266         -0.005219         0.005458
206  2351+456           0.042535          0.113834          -0.002729          0.098687            0.018519           0.058782          0.070784         0.147540          0.019902         0.135174           0.045395          0.116220        -0.000780        0.026841         0.004838        0.024059          0.000593         0.003109          0.027469         0.060547
207  2356+196           0.082625         -0.029343           0.025777         -0.025500            0.054710           0.001648         -0.001515        -0.056552          0.009672        -0.017179           0.018628          0.008069         0.060862        0.035394        -0.007173       -0.000135          0.012804         0.001764         -0.023278         0.008185
208  2356+196           0.040056         -0.014419           0.050276         -0.006413            0.034535           0.011960         -0.010354        -0.043038          0.010180        -0.026171           0.023994          0.005640         0.052852        0.031807         0.042537        0.022946          0.012983         0.009508          0.002442         0.003187